{
 "cells": [
  {
   "cell_type": "code",
   "execution_count": 1,
   "metadata": {},
   "outputs": [],
   "source": [
    "import pandas as pd\n",
    "import numpy as np\n",
    "import math\n",
    "#imports"
   ]
  },
  {
   "cell_type": "code",
   "execution_count": 2,
   "metadata": {},
   "outputs": [
    {
     "data": {
      "text/html": [
       "<div>\n",
       "<style scoped>\n",
       "    .dataframe tbody tr th:only-of-type {\n",
       "        vertical-align: middle;\n",
       "    }\n",
       "\n",
       "    .dataframe tbody tr th {\n",
       "        vertical-align: top;\n",
       "    }\n",
       "\n",
       "    .dataframe thead th {\n",
       "        text-align: right;\n",
       "    }\n",
       "</style>\n",
       "<table border=\"1\" class=\"dataframe\">\n",
       "  <thead>\n",
       "    <tr style=\"text-align: right;\">\n",
       "      <th></th>\n",
       "      <th>CRIM</th>\n",
       "      <th>ZN</th>\n",
       "      <th>INDUS</th>\n",
       "      <th>CHAS</th>\n",
       "      <th>NOX</th>\n",
       "      <th>RM</th>\n",
       "      <th>AGE</th>\n",
       "      <th>DIS</th>\n",
       "      <th>RAD</th>\n",
       "      <th>TAX</th>\n",
       "      <th>PTRATIO</th>\n",
       "      <th>B</th>\n",
       "      <th>LSTAT</th>\n",
       "      <th>MEDV</th>\n",
       "    </tr>\n",
       "  </thead>\n",
       "  <tbody>\n",
       "    <tr>\n",
       "      <th>0</th>\n",
       "      <td>0.00632</td>\n",
       "      <td>18.0</td>\n",
       "      <td>2.31</td>\n",
       "      <td>0.0</td>\n",
       "      <td>0.538</td>\n",
       "      <td>6.575</td>\n",
       "      <td>65.2</td>\n",
       "      <td>4.0900</td>\n",
       "      <td>1</td>\n",
       "      <td>296</td>\n",
       "      <td>15.3</td>\n",
       "      <td>396.90</td>\n",
       "      <td>4.98</td>\n",
       "      <td>24.0</td>\n",
       "    </tr>\n",
       "    <tr>\n",
       "      <th>1</th>\n",
       "      <td>0.02731</td>\n",
       "      <td>0.0</td>\n",
       "      <td>7.07</td>\n",
       "      <td>0.0</td>\n",
       "      <td>0.469</td>\n",
       "      <td>6.421</td>\n",
       "      <td>78.9</td>\n",
       "      <td>4.9671</td>\n",
       "      <td>2</td>\n",
       "      <td>242</td>\n",
       "      <td>17.8</td>\n",
       "      <td>396.90</td>\n",
       "      <td>9.14</td>\n",
       "      <td>21.6</td>\n",
       "    </tr>\n",
       "    <tr>\n",
       "      <th>2</th>\n",
       "      <td>0.02729</td>\n",
       "      <td>0.0</td>\n",
       "      <td>7.07</td>\n",
       "      <td>0.0</td>\n",
       "      <td>0.469</td>\n",
       "      <td>7.185</td>\n",
       "      <td>61.1</td>\n",
       "      <td>4.9671</td>\n",
       "      <td>2</td>\n",
       "      <td>242</td>\n",
       "      <td>17.8</td>\n",
       "      <td>392.83</td>\n",
       "      <td>4.03</td>\n",
       "      <td>34.7</td>\n",
       "    </tr>\n",
       "    <tr>\n",
       "      <th>3</th>\n",
       "      <td>0.03237</td>\n",
       "      <td>0.0</td>\n",
       "      <td>2.18</td>\n",
       "      <td>0.0</td>\n",
       "      <td>0.458</td>\n",
       "      <td>6.998</td>\n",
       "      <td>45.8</td>\n",
       "      <td>6.0622</td>\n",
       "      <td>3</td>\n",
       "      <td>222</td>\n",
       "      <td>18.7</td>\n",
       "      <td>394.63</td>\n",
       "      <td>2.94</td>\n",
       "      <td>33.4</td>\n",
       "    </tr>\n",
       "    <tr>\n",
       "      <th>4</th>\n",
       "      <td>0.06905</td>\n",
       "      <td>0.0</td>\n",
       "      <td>2.18</td>\n",
       "      <td>0.0</td>\n",
       "      <td>0.458</td>\n",
       "      <td>7.147</td>\n",
       "      <td>54.2</td>\n",
       "      <td>6.0622</td>\n",
       "      <td>3</td>\n",
       "      <td>222</td>\n",
       "      <td>18.7</td>\n",
       "      <td>396.90</td>\n",
       "      <td>NaN</td>\n",
       "      <td>36.2</td>\n",
       "    </tr>\n",
       "  </tbody>\n",
       "</table>\n",
       "</div>"
      ],
      "text/plain": [
       "      CRIM    ZN  INDUS  CHAS    NOX     RM   AGE     DIS  RAD  TAX  PTRATIO  \\\n",
       "0  0.00632  18.0   2.31   0.0  0.538  6.575  65.2  4.0900    1  296     15.3   \n",
       "1  0.02731   0.0   7.07   0.0  0.469  6.421  78.9  4.9671    2  242     17.8   \n",
       "2  0.02729   0.0   7.07   0.0  0.469  7.185  61.1  4.9671    2  242     17.8   \n",
       "3  0.03237   0.0   2.18   0.0  0.458  6.998  45.8  6.0622    3  222     18.7   \n",
       "4  0.06905   0.0   2.18   0.0  0.458  7.147  54.2  6.0622    3  222     18.7   \n",
       "\n",
       "        B  LSTAT  MEDV  \n",
       "0  396.90   4.98  24.0  \n",
       "1  396.90   9.14  21.6  \n",
       "2  392.83   4.03  34.7  \n",
       "3  394.63   2.94  33.4  \n",
       "4  396.90    NaN  36.2  "
      ]
     },
     "execution_count": 2,
     "metadata": {},
     "output_type": "execute_result"
    }
   ],
   "source": [
    "df=pd.read_csv(\"HousingData.csv\")\n",
    "df.head()\n"
   ]
  },
  {
   "cell_type": "code",
   "execution_count": 3,
   "metadata": {},
   "outputs": [
    {
     "name": "stdout",
     "output_type": "stream",
     "text": [
      "<class 'pandas.core.frame.DataFrame'>\n",
      "RangeIndex: 506 entries, 0 to 505\n",
      "Data columns (total 14 columns):\n",
      " #   Column   Non-Null Count  Dtype  \n",
      "---  ------   --------------  -----  \n",
      " 0   CRIM     486 non-null    float64\n",
      " 1   ZN       486 non-null    float64\n",
      " 2   INDUS    486 non-null    float64\n",
      " 3   CHAS     486 non-null    float64\n",
      " 4   NOX      506 non-null    float64\n",
      " 5   RM       506 non-null    float64\n",
      " 6   AGE      486 non-null    float64\n",
      " 7   DIS      506 non-null    float64\n",
      " 8   RAD      506 non-null    int64  \n",
      " 9   TAX      506 non-null    int64  \n",
      " 10  PTRATIO  506 non-null    float64\n",
      " 11  B        506 non-null    float64\n",
      " 12  LSTAT    486 non-null    float64\n",
      " 13  MEDV     506 non-null    float64\n",
      "dtypes: float64(12), int64(2)\n",
      "memory usage: 55.5 KB\n"
     ]
    }
   ],
   "source": [
    "df.info()"
   ]
  },
  {
   "cell_type": "code",
   "execution_count": 4,
   "metadata": {},
   "outputs": [
    {
     "data": {
      "text/plain": [
       "50.0"
      ]
     },
     "execution_count": 4,
     "metadata": {},
     "output_type": "execute_result"
    }
   ],
   "source": [
    "df.describe()\n",
    "df[\"MEDV\"].max()"
   ]
  },
  {
   "cell_type": "code",
   "execution_count": 5,
   "metadata": {},
   "outputs": [],
   "source": [
    "df[[\"CRIM\", \"ZN\", \"INDUS\", \"CHAS\", \"AGE\", \"LSTAT\"]]=df[[\"CRIM\", \"ZN\", \"INDUS\", \"CHAS\", \"AGE\", \"LSTAT\"]].fillna(0)"
   ]
  },
  {
   "cell_type": "code",
   "execution_count": 6,
   "metadata": {},
   "outputs": [
    {
     "name": "stdout",
     "output_type": "stream",
     "text": [
      "<class 'pandas.core.frame.DataFrame'>\n",
      "RangeIndex: 506 entries, 0 to 505\n",
      "Data columns (total 14 columns):\n",
      " #   Column   Non-Null Count  Dtype  \n",
      "---  ------   --------------  -----  \n",
      " 0   CRIM     506 non-null    float64\n",
      " 1   ZN       506 non-null    float64\n",
      " 2   INDUS    506 non-null    float64\n",
      " 3   CHAS     506 non-null    float64\n",
      " 4   NOX      506 non-null    float64\n",
      " 5   RM       506 non-null    float64\n",
      " 6   AGE      506 non-null    float64\n",
      " 7   DIS      506 non-null    float64\n",
      " 8   RAD      506 non-null    int64  \n",
      " 9   TAX      506 non-null    int64  \n",
      " 10  PTRATIO  506 non-null    float64\n",
      " 11  B        506 non-null    float64\n",
      " 12  LSTAT    506 non-null    float64\n",
      " 13  MEDV     506 non-null    float64\n",
      "dtypes: float64(12), int64(2)\n",
      "memory usage: 55.5 KB\n"
     ]
    }
   ],
   "source": [
    "df.info()"
   ]
  },
  {
   "cell_type": "code",
   "execution_count": 7,
   "metadata": {},
   "outputs": [
    {
     "data": {
      "text/plain": [
       "0       4.980000\n",
       "1       9.140000\n",
       "2       4.030000\n",
       "3       2.940000\n",
       "4      12.212846\n",
       "         ...    \n",
       "501    12.212846\n",
       "502     9.080000\n",
       "503     5.640000\n",
       "504     6.480000\n",
       "505     7.880000\n",
       "Name: LSTAT, Length: 506, dtype: float64"
      ]
     },
     "execution_count": 7,
     "metadata": {},
     "output_type": "execute_result"
    }
   ],
   "source": [
    "df[\"CRIM\"].replace(0, df[\"CRIM\"].mean())\n",
    "df[\"ZN\"].replace(0, df[\"ZN\"].mean())             \n",
    "df[\"INDUS\"].replace(0, df[\"INDUS\"].mean())\n",
    "df[\"AGE\"].replace(0, df[\"AGE\"].mean())\n",
    "df[\"CHAS\"].replace(0, df[\"CHAS\"].mean())\n",
    "df[\"LSTAT\"].replace(0, df[\"LSTAT\"].mean())\n",
    "\n",
    "#cleaning the data\n"
   ]
  },
  {
   "cell_type": "code",
   "execution_count": 8,
   "metadata": {},
   "outputs": [
    {
     "data": {
      "text/plain": [
       "506"
      ]
     },
     "execution_count": 8,
     "metadata": {},
     "output_type": "execute_result"
    }
   ],
   "source": [
    "df[\"LSTAT\"].count()\n"
   ]
  },
  {
   "cell_type": "code",
   "execution_count": 9,
   "metadata": {},
   "outputs": [
    {
     "data": {
      "text/html": [
       "<div>\n",
       "<style scoped>\n",
       "    .dataframe tbody tr th:only-of-type {\n",
       "        vertical-align: middle;\n",
       "    }\n",
       "\n",
       "    .dataframe tbody tr th {\n",
       "        vertical-align: top;\n",
       "    }\n",
       "\n",
       "    .dataframe thead th {\n",
       "        text-align: right;\n",
       "    }\n",
       "</style>\n",
       "<table border=\"1\" class=\"dataframe\">\n",
       "  <thead>\n",
       "    <tr style=\"text-align: right;\">\n",
       "      <th></th>\n",
       "      <th>CRIM</th>\n",
       "      <th>ZN</th>\n",
       "      <th>INDUS</th>\n",
       "      <th>CHAS</th>\n",
       "      <th>NOX</th>\n",
       "      <th>RM</th>\n",
       "      <th>AGE</th>\n",
       "      <th>DIS</th>\n",
       "      <th>RAD</th>\n",
       "      <th>TAX</th>\n",
       "      <th>PTRATIO</th>\n",
       "      <th>B</th>\n",
       "      <th>LSTAT</th>\n",
       "      <th>MEDV</th>\n",
       "    </tr>\n",
       "  </thead>\n",
       "  <tbody>\n",
       "    <tr>\n",
       "      <th>CRIM</th>\n",
       "      <td>1.000000</td>\n",
       "      <td>-0.185559</td>\n",
       "      <td>0.379772</td>\n",
       "      <td>-0.055713</td>\n",
       "      <td>0.410918</td>\n",
       "      <td>-0.220340</td>\n",
       "      <td>0.328997</td>\n",
       "      <td>-0.365901</td>\n",
       "      <td>0.600505</td>\n",
       "      <td>0.559880</td>\n",
       "      <td>0.278243</td>\n",
       "      <td>-0.364886</td>\n",
       "      <td>0.411330</td>\n",
       "      <td>-0.384120</td>\n",
       "    </tr>\n",
       "    <tr>\n",
       "      <th>ZN</th>\n",
       "      <td>-0.185559</td>\n",
       "      <td>1.000000</td>\n",
       "      <td>-0.482670</td>\n",
       "      <td>-0.032992</td>\n",
       "      <td>-0.498619</td>\n",
       "      <td>0.312295</td>\n",
       "      <td>-0.470146</td>\n",
       "      <td>0.632428</td>\n",
       "      <td>-0.300061</td>\n",
       "      <td>-0.304385</td>\n",
       "      <td>-0.394622</td>\n",
       "      <td>0.170125</td>\n",
       "      <td>-0.361012</td>\n",
       "      <td>0.362292</td>\n",
       "    </tr>\n",
       "    <tr>\n",
       "      <th>INDUS</th>\n",
       "      <td>0.379772</td>\n",
       "      <td>-0.482670</td>\n",
       "      <td>1.000000</td>\n",
       "      <td>0.055833</td>\n",
       "      <td>0.690250</td>\n",
       "      <td>-0.339054</td>\n",
       "      <td>0.488737</td>\n",
       "      <td>-0.662476</td>\n",
       "      <td>0.564867</td>\n",
       "      <td>0.687468</td>\n",
       "      <td>0.372852</td>\n",
       "      <td>-0.341514</td>\n",
       "      <td>0.492359</td>\n",
       "      <td>-0.441371</td>\n",
       "    </tr>\n",
       "    <tr>\n",
       "      <th>CHAS</th>\n",
       "      <td>-0.055713</td>\n",
       "      <td>-0.032992</td>\n",
       "      <td>0.055833</td>\n",
       "      <td>1.000000</td>\n",
       "      <td>0.070867</td>\n",
       "      <td>0.106797</td>\n",
       "      <td>0.054485</td>\n",
       "      <td>-0.092318</td>\n",
       "      <td>-0.003339</td>\n",
       "      <td>-0.035822</td>\n",
       "      <td>-0.109451</td>\n",
       "      <td>0.050608</td>\n",
       "      <td>-0.040427</td>\n",
       "      <td>0.183844</td>\n",
       "    </tr>\n",
       "    <tr>\n",
       "      <th>NOX</th>\n",
       "      <td>0.410918</td>\n",
       "      <td>-0.498619</td>\n",
       "      <td>0.690250</td>\n",
       "      <td>0.070867</td>\n",
       "      <td>1.000000</td>\n",
       "      <td>-0.302188</td>\n",
       "      <td>0.627476</td>\n",
       "      <td>-0.769230</td>\n",
       "      <td>0.611441</td>\n",
       "      <td>0.668023</td>\n",
       "      <td>0.188933</td>\n",
       "      <td>-0.380051</td>\n",
       "      <td>0.549209</td>\n",
       "      <td>-0.427321</td>\n",
       "    </tr>\n",
       "    <tr>\n",
       "      <th>RM</th>\n",
       "      <td>-0.220340</td>\n",
       "      <td>0.312295</td>\n",
       "      <td>-0.339054</td>\n",
       "      <td>0.106797</td>\n",
       "      <td>-0.302188</td>\n",
       "      <td>1.000000</td>\n",
       "      <td>-0.227535</td>\n",
       "      <td>0.205246</td>\n",
       "      <td>-0.209847</td>\n",
       "      <td>-0.292048</td>\n",
       "      <td>-0.355501</td>\n",
       "      <td>0.128069</td>\n",
       "      <td>-0.584754</td>\n",
       "      <td>0.695360</td>\n",
       "    </tr>\n",
       "    <tr>\n",
       "      <th>AGE</th>\n",
       "      <td>0.328997</td>\n",
       "      <td>-0.470146</td>\n",
       "      <td>0.488737</td>\n",
       "      <td>0.054485</td>\n",
       "      <td>0.627476</td>\n",
       "      <td>-0.227535</td>\n",
       "      <td>1.000000</td>\n",
       "      <td>-0.641898</td>\n",
       "      <td>0.420382</td>\n",
       "      <td>0.459859</td>\n",
       "      <td>0.239508</td>\n",
       "      <td>-0.214615</td>\n",
       "      <td>0.503452</td>\n",
       "      <td>-0.356699</td>\n",
       "    </tr>\n",
       "    <tr>\n",
       "      <th>DIS</th>\n",
       "      <td>-0.365901</td>\n",
       "      <td>0.632428</td>\n",
       "      <td>-0.662476</td>\n",
       "      <td>-0.092318</td>\n",
       "      <td>-0.769230</td>\n",
       "      <td>0.205246</td>\n",
       "      <td>-0.641898</td>\n",
       "      <td>1.000000</td>\n",
       "      <td>-0.494588</td>\n",
       "      <td>-0.534432</td>\n",
       "      <td>-0.232471</td>\n",
       "      <td>0.291512</td>\n",
       "      <td>-0.456922</td>\n",
       "      <td>0.249929</td>\n",
       "    </tr>\n",
       "    <tr>\n",
       "      <th>RAD</th>\n",
       "      <td>0.600505</td>\n",
       "      <td>-0.300061</td>\n",
       "      <td>0.564867</td>\n",
       "      <td>-0.003339</td>\n",
       "      <td>0.611441</td>\n",
       "      <td>-0.209847</td>\n",
       "      <td>0.420382</td>\n",
       "      <td>-0.494588</td>\n",
       "      <td>1.000000</td>\n",
       "      <td>0.910228</td>\n",
       "      <td>0.464741</td>\n",
       "      <td>-0.444413</td>\n",
       "      <td>0.438134</td>\n",
       "      <td>-0.381626</td>\n",
       "    </tr>\n",
       "    <tr>\n",
       "      <th>TAX</th>\n",
       "      <td>0.559880</td>\n",
       "      <td>-0.304385</td>\n",
       "      <td>0.687468</td>\n",
       "      <td>-0.035822</td>\n",
       "      <td>0.668023</td>\n",
       "      <td>-0.292048</td>\n",
       "      <td>0.459859</td>\n",
       "      <td>-0.534432</td>\n",
       "      <td>0.910228</td>\n",
       "      <td>1.000000</td>\n",
       "      <td>0.460853</td>\n",
       "      <td>-0.441808</td>\n",
       "      <td>0.494026</td>\n",
       "      <td>-0.468536</td>\n",
       "    </tr>\n",
       "    <tr>\n",
       "      <th>PTRATIO</th>\n",
       "      <td>0.278243</td>\n",
       "      <td>-0.394622</td>\n",
       "      <td>0.372852</td>\n",
       "      <td>-0.109451</td>\n",
       "      <td>0.188933</td>\n",
       "      <td>-0.355501</td>\n",
       "      <td>0.239508</td>\n",
       "      <td>-0.232471</td>\n",
       "      <td>0.464741</td>\n",
       "      <td>0.460853</td>\n",
       "      <td>1.000000</td>\n",
       "      <td>-0.177383</td>\n",
       "      <td>0.329796</td>\n",
       "      <td>-0.507787</td>\n",
       "    </tr>\n",
       "    <tr>\n",
       "      <th>B</th>\n",
       "      <td>-0.364886</td>\n",
       "      <td>0.170125</td>\n",
       "      <td>-0.341514</td>\n",
       "      <td>0.050608</td>\n",
       "      <td>-0.380051</td>\n",
       "      <td>0.128069</td>\n",
       "      <td>-0.214615</td>\n",
       "      <td>0.291512</td>\n",
       "      <td>-0.444413</td>\n",
       "      <td>-0.441808</td>\n",
       "      <td>-0.177383</td>\n",
       "      <td>1.000000</td>\n",
       "      <td>-0.369638</td>\n",
       "      <td>0.333461</td>\n",
       "    </tr>\n",
       "    <tr>\n",
       "      <th>LSTAT</th>\n",
       "      <td>0.411330</td>\n",
       "      <td>-0.361012</td>\n",
       "      <td>0.492359</td>\n",
       "      <td>-0.040427</td>\n",
       "      <td>0.549209</td>\n",
       "      <td>-0.584754</td>\n",
       "      <td>0.503452</td>\n",
       "      <td>-0.456922</td>\n",
       "      <td>0.438134</td>\n",
       "      <td>0.494026</td>\n",
       "      <td>0.329796</td>\n",
       "      <td>-0.369638</td>\n",
       "      <td>1.000000</td>\n",
       "      <td>-0.695405</td>\n",
       "    </tr>\n",
       "    <tr>\n",
       "      <th>MEDV</th>\n",
       "      <td>-0.384120</td>\n",
       "      <td>0.362292</td>\n",
       "      <td>-0.441371</td>\n",
       "      <td>0.183844</td>\n",
       "      <td>-0.427321</td>\n",
       "      <td>0.695360</td>\n",
       "      <td>-0.356699</td>\n",
       "      <td>0.249929</td>\n",
       "      <td>-0.381626</td>\n",
       "      <td>-0.468536</td>\n",
       "      <td>-0.507787</td>\n",
       "      <td>0.333461</td>\n",
       "      <td>-0.695405</td>\n",
       "      <td>1.000000</td>\n",
       "    </tr>\n",
       "  </tbody>\n",
       "</table>\n",
       "</div>"
      ],
      "text/plain": [
       "             CRIM        ZN     INDUS      CHAS       NOX        RM       AGE  \\\n",
       "CRIM     1.000000 -0.185559  0.379772 -0.055713  0.410918 -0.220340  0.328997   \n",
       "ZN      -0.185559  1.000000 -0.482670 -0.032992 -0.498619  0.312295 -0.470146   \n",
       "INDUS    0.379772 -0.482670  1.000000  0.055833  0.690250 -0.339054  0.488737   \n",
       "CHAS    -0.055713 -0.032992  0.055833  1.000000  0.070867  0.106797  0.054485   \n",
       "NOX      0.410918 -0.498619  0.690250  0.070867  1.000000 -0.302188  0.627476   \n",
       "RM      -0.220340  0.312295 -0.339054  0.106797 -0.302188  1.000000 -0.227535   \n",
       "AGE      0.328997 -0.470146  0.488737  0.054485  0.627476 -0.227535  1.000000   \n",
       "DIS     -0.365901  0.632428 -0.662476 -0.092318 -0.769230  0.205246 -0.641898   \n",
       "RAD      0.600505 -0.300061  0.564867 -0.003339  0.611441 -0.209847  0.420382   \n",
       "TAX      0.559880 -0.304385  0.687468 -0.035822  0.668023 -0.292048  0.459859   \n",
       "PTRATIO  0.278243 -0.394622  0.372852 -0.109451  0.188933 -0.355501  0.239508   \n",
       "B       -0.364886  0.170125 -0.341514  0.050608 -0.380051  0.128069 -0.214615   \n",
       "LSTAT    0.411330 -0.361012  0.492359 -0.040427  0.549209 -0.584754  0.503452   \n",
       "MEDV    -0.384120  0.362292 -0.441371  0.183844 -0.427321  0.695360 -0.356699   \n",
       "\n",
       "              DIS       RAD       TAX   PTRATIO         B     LSTAT      MEDV  \n",
       "CRIM    -0.365901  0.600505  0.559880  0.278243 -0.364886  0.411330 -0.384120  \n",
       "ZN       0.632428 -0.300061 -0.304385 -0.394622  0.170125 -0.361012  0.362292  \n",
       "INDUS   -0.662476  0.564867  0.687468  0.372852 -0.341514  0.492359 -0.441371  \n",
       "CHAS    -0.092318 -0.003339 -0.035822 -0.109451  0.050608 -0.040427  0.183844  \n",
       "NOX     -0.769230  0.611441  0.668023  0.188933 -0.380051  0.549209 -0.427321  \n",
       "RM       0.205246 -0.209847 -0.292048 -0.355501  0.128069 -0.584754  0.695360  \n",
       "AGE     -0.641898  0.420382  0.459859  0.239508 -0.214615  0.503452 -0.356699  \n",
       "DIS      1.000000 -0.494588 -0.534432 -0.232471  0.291512 -0.456922  0.249929  \n",
       "RAD     -0.494588  1.000000  0.910228  0.464741 -0.444413  0.438134 -0.381626  \n",
       "TAX     -0.534432  0.910228  1.000000  0.460853 -0.441808  0.494026 -0.468536  \n",
       "PTRATIO -0.232471  0.464741  0.460853  1.000000 -0.177383  0.329796 -0.507787  \n",
       "B        0.291512 -0.444413 -0.441808 -0.177383  1.000000 -0.369638  0.333461  \n",
       "LSTAT   -0.456922  0.438134  0.494026  0.329796 -0.369638  1.000000 -0.695405  \n",
       "MEDV     0.249929 -0.381626 -0.468536 -0.507787  0.333461 -0.695405  1.000000  "
      ]
     },
     "execution_count": 9,
     "metadata": {},
     "output_type": "execute_result"
    }
   ],
   "source": [
    "df.corr()"
   ]
  },
  {
   "cell_type": "markdown",
   "metadata": {},
   "source": [
    "Biggest positive correlation with the value of the home is RM - rooms per dewlling, \n",
    "because intuitively more rooms equals more expansive and better\n",
    "\n",
    "Another big but negative correlation is LSTAT - percentage of lower status population, \n",
    "because people suck and don't want to live near poor people"
   ]
  },
  {
   "cell_type": "code",
   "execution_count": 10,
   "metadata": {},
   "outputs": [
    {
     "data": {
      "text/html": [
       "<div>\n",
       "<style scoped>\n",
       "    .dataframe tbody tr th:only-of-type {\n",
       "        vertical-align: middle;\n",
       "    }\n",
       "\n",
       "    .dataframe tbody tr th {\n",
       "        vertical-align: top;\n",
       "    }\n",
       "\n",
       "    .dataframe thead th {\n",
       "        text-align: right;\n",
       "    }\n",
       "</style>\n",
       "<table border=\"1\" class=\"dataframe\">\n",
       "  <thead>\n",
       "    <tr style=\"text-align: right;\">\n",
       "      <th></th>\n",
       "      <th>RM</th>\n",
       "      <th>PTRATIO</th>\n",
       "      <th>LSTAT</th>\n",
       "      <th>MEDV</th>\n",
       "    </tr>\n",
       "  </thead>\n",
       "  <tbody>\n",
       "    <tr>\n",
       "      <th>0</th>\n",
       "      <td>6.575</td>\n",
       "      <td>15.3</td>\n",
       "      <td>4.98</td>\n",
       "      <td>24.0</td>\n",
       "    </tr>\n",
       "    <tr>\n",
       "      <th>1</th>\n",
       "      <td>6.421</td>\n",
       "      <td>17.8</td>\n",
       "      <td>9.14</td>\n",
       "      <td>21.6</td>\n",
       "    </tr>\n",
       "    <tr>\n",
       "      <th>2</th>\n",
       "      <td>7.185</td>\n",
       "      <td>17.8</td>\n",
       "      <td>4.03</td>\n",
       "      <td>34.7</td>\n",
       "    </tr>\n",
       "    <tr>\n",
       "      <th>3</th>\n",
       "      <td>6.998</td>\n",
       "      <td>18.7</td>\n",
       "      <td>2.94</td>\n",
       "      <td>33.4</td>\n",
       "    </tr>\n",
       "    <tr>\n",
       "      <th>4</th>\n",
       "      <td>7.147</td>\n",
       "      <td>18.7</td>\n",
       "      <td>0.00</td>\n",
       "      <td>36.2</td>\n",
       "    </tr>\n",
       "    <tr>\n",
       "      <th>...</th>\n",
       "      <td>...</td>\n",
       "      <td>...</td>\n",
       "      <td>...</td>\n",
       "      <td>...</td>\n",
       "    </tr>\n",
       "    <tr>\n",
       "      <th>501</th>\n",
       "      <td>6.593</td>\n",
       "      <td>21.0</td>\n",
       "      <td>0.00</td>\n",
       "      <td>22.4</td>\n",
       "    </tr>\n",
       "    <tr>\n",
       "      <th>502</th>\n",
       "      <td>6.120</td>\n",
       "      <td>21.0</td>\n",
       "      <td>9.08</td>\n",
       "      <td>20.6</td>\n",
       "    </tr>\n",
       "    <tr>\n",
       "      <th>503</th>\n",
       "      <td>6.976</td>\n",
       "      <td>21.0</td>\n",
       "      <td>5.64</td>\n",
       "      <td>23.9</td>\n",
       "    </tr>\n",
       "    <tr>\n",
       "      <th>504</th>\n",
       "      <td>6.794</td>\n",
       "      <td>21.0</td>\n",
       "      <td>6.48</td>\n",
       "      <td>22.0</td>\n",
       "    </tr>\n",
       "    <tr>\n",
       "      <th>505</th>\n",
       "      <td>6.030</td>\n",
       "      <td>21.0</td>\n",
       "      <td>7.88</td>\n",
       "      <td>11.9</td>\n",
       "    </tr>\n",
       "  </tbody>\n",
       "</table>\n",
       "<p>506 rows × 4 columns</p>\n",
       "</div>"
      ],
      "text/plain": [
       "        RM  PTRATIO  LSTAT  MEDV\n",
       "0    6.575     15.3   4.98  24.0\n",
       "1    6.421     17.8   9.14  21.6\n",
       "2    7.185     17.8   4.03  34.7\n",
       "3    6.998     18.7   2.94  33.4\n",
       "4    7.147     18.7   0.00  36.2\n",
       "..     ...      ...    ...   ...\n",
       "501  6.593     21.0   0.00  22.4\n",
       "502  6.120     21.0   9.08  20.6\n",
       "503  6.976     21.0   5.64  23.9\n",
       "504  6.794     21.0   6.48  22.0\n",
       "505  6.030     21.0   7.88  11.9\n",
       "\n",
       "[506 rows x 4 columns]"
      ]
     },
     "execution_count": 10,
     "metadata": {},
     "output_type": "execute_result"
    }
   ],
   "source": [
    "df_corr=df[[\"RM\", \"PTRATIO\", \"LSTAT\", \"MEDV\"]]\n",
    "df_corr"
   ]
  },
  {
   "cell_type": "code",
   "execution_count": 28,
   "metadata": {},
   "outputs": [],
   "source": [
    "class LinearRegressionSMLH():\n",
    "    #Define class to store functions\n",
    "\n",
    "\n",
    "    def __init__(self):\n",
    "        self.params__=None\n",
    "        \"\"\"\n",
    "        Initializes the linear regression model\n",
    "        \n",
    "        Stores the self.params__ variable which are the weights that the model returns\n",
    "        \"\"\"\n",
    "\n",
    "\n",
    "    def gradientDescent(self, X:np.ndarray, y:np.ndarray, learning_rate=0.00001,\n",
    "        iterations=500, batch_size=16):\n",
    "\n",
    "        \"\"\"This function applies the Gradient Descent model to the dataset\n",
    "        param X: numpy.ndarray\n",
    "            The X matrix containing the independent variable columns.\n",
    "        param y: numpy.ndarray\n",
    "            The target vector y.\"\"\"\n",
    "        \n",
    "        #Add a column of ones for the constant term\n",
    "        X = np.concatenate([X, np.ones_like(y)], axis = 1)\n",
    "        rows, cols = X.shape\n",
    "\n",
    "        #Combine the X and y columns to more easily shuffle it later\n",
    "        X = np.append(X, y, axis=1)\n",
    "\n",
    "        #Make the initial random guess for w\n",
    "        w = np.random.random((cols, 1))\n",
    "\n",
    "        #Go through all the iterations\n",
    "        for i in range(iterations):\n",
    "\n",
    "            #Shuffle the rows of the data\n",
    "            np.random.shuffle(X)\n",
    "\n",
    "            #Define X and y again\n",
    "            y_it = X[:, -1].reshape((rows, 1))\n",
    "            X_it = X[:, :-1]\n",
    "\n",
    "            #Iterate through the batches\n",
    "            for batch in range(math.ceil(rows / batch_size)):\n",
    "\n",
    "                batch_start = batch * batch_size\n",
    "                \n",
    "                #Cut a batch from the dataset\n",
    "                x_batch = X_it[batch_start : min(batch_start + batch_size, X.shape[0])]\n",
    "                y_batch = y_it[batch_start : min(batch_start + batch_size, X.shape[0])]\n",
    "\n",
    "                #Subtract the gradient from our previous estimation\n",
    "                w -= learning_rate * np.matmul(x_batch.transpose(), (np.matmul(x_batch, w) - y_batch))\n",
    "\n",
    "        self.params__= w\n",
    "        return self\n",
    "    \n",
    "    \n",
    "    def predict(self, X:np.ndarray):\n",
    "        #predict given the data X\n",
    "        X = np.concatenate([X, np.ones(X.shape[0]).reshape\n",
    "        ((X.shape[0], 1))], axis=1)\n",
    "\n",
    "        return np.matmul(X, self.params__)\n",
    "\n",
    "\n",
    "\n",
    "\n"
   ]
  },
  {
   "cell_type": "code",
   "execution_count": 12,
   "metadata": {},
   "outputs": [],
   "source": [
    "from sklearn.model_selection import train_test_split\n",
    "from sklearn.metrics import mean_squared_error, mean_absolute_error\n",
    "from sklearn.linear_model import LinearRegression\n",
    "from sklearn.metrics import r2_score\n"
   ]
  },
  {
   "cell_type": "code",
   "execution_count": 13,
   "metadata": {},
   "outputs": [],
   "source": [
    "X_train, X_test, y_train, y_test = train_test_split(df[df.columns[1:13]], df[\"MEDV\"], test_size=0.3, random_state=56)"
   ]
  },
  {
   "cell_type": "code",
   "execution_count": 14,
   "metadata": {},
   "outputs": [
    {
     "data": {
      "text/plain": [
       "3.655355871048541"
      ]
     },
     "execution_count": 14,
     "metadata": {},
     "output_type": "execute_result"
    }
   ],
   "source": [
    "#training the sklearn model\n",
    "lr_sklearn=LinearRegression()\n",
    "lr_sklearn.fit(X_train, y_train)\n",
    "\n",
    "y_pred=lr_sklearn.predict(X_test)\n",
    "mean_squared_error(y_pred, y_test)\n",
    "mean_absolute_error(y_pred, y_test)"
   ]
  },
  {
   "cell_type": "code",
   "execution_count": 27,
   "metadata": {},
   "outputs": [
    {
     "ename": "ValueError",
     "evalue": "all the input arrays must have same number of dimensions, but the array at index 0 has 2 dimension(s) and the array at index 1 has 1 dimension(s)",
     "output_type": "error",
     "traceback": [
      "\u001b[1;31m---------------------------------------------------------------------------\u001b[0m",
      "\u001b[1;31mValueError\u001b[0m                                Traceback (most recent call last)",
      "Cell \u001b[1;32mIn[27], line 2\u001b[0m\n\u001b[0;32m      1\u001b[0m lr_smlh\u001b[38;5;241m=\u001b[39mLinearRegressionSMLH()\n\u001b[1;32m----> 2\u001b[0m \u001b[43mlr_smlh\u001b[49m\u001b[38;5;241;43m.\u001b[39;49m\u001b[43mgradientDescent\u001b[49m\u001b[43m(\u001b[49m\u001b[43mX_train\u001b[49m\u001b[43m,\u001b[49m\u001b[43m \u001b[49m\u001b[43my_train\u001b[49m\u001b[43m)\u001b[49m\n",
      "Cell \u001b[1;32mIn[26], line 24\u001b[0m, in \u001b[0;36mLinearRegressionSMLH.gradientDescent\u001b[1;34m(self, X, y, learning_rate, iterations, batch_size)\u001b[0m\n\u001b[0;32m     17\u001b[0m \u001b[38;5;250m\u001b[39m\u001b[38;5;124;03m\"\"\"This function applies the Gradient Descent model to the dataset\u001b[39;00m\n\u001b[0;32m     18\u001b[0m \u001b[38;5;124;03mparam X: numpy.ndarray\u001b[39;00m\n\u001b[0;32m     19\u001b[0m \u001b[38;5;124;03m    The X matrix containing the independent variable columns.\u001b[39;00m\n\u001b[0;32m     20\u001b[0m \u001b[38;5;124;03mparam y: numpy.ndarray\u001b[39;00m\n\u001b[0;32m     21\u001b[0m \u001b[38;5;124;03m    The target vector y.\"\"\"\u001b[39;00m\n\u001b[0;32m     23\u001b[0m \u001b[38;5;66;03m#Add a column of ones for the constant term\u001b[39;00m\n\u001b[1;32m---> 24\u001b[0m X \u001b[38;5;241m=\u001b[39m \u001b[43mnp\u001b[49m\u001b[38;5;241;43m.\u001b[39;49m\u001b[43mconcatenate\u001b[49m\u001b[43m(\u001b[49m\u001b[43m[\u001b[49m\u001b[43mX\u001b[49m\u001b[43m,\u001b[49m\u001b[43m \u001b[49m\u001b[43mnp\u001b[49m\u001b[38;5;241;43m.\u001b[39;49m\u001b[43mones_like\u001b[49m\u001b[43m(\u001b[49m\u001b[43my\u001b[49m\u001b[43m)\u001b[49m\u001b[38;5;241;43m.\u001b[39;49m\u001b[43mT\u001b[49m\u001b[43m]\u001b[49m\u001b[43m,\u001b[49m\u001b[43m \u001b[49m\u001b[43maxis\u001b[49m\u001b[43m \u001b[49m\u001b[38;5;241;43m=\u001b[39;49m\u001b[43m \u001b[49m\u001b[38;5;241;43m1\u001b[39;49m\u001b[43m)\u001b[49m\n\u001b[0;32m     25\u001b[0m rows, cols \u001b[38;5;241m=\u001b[39m X\u001b[38;5;241m.\u001b[39mshape\n\u001b[0;32m     27\u001b[0m \u001b[38;5;66;03m#Combine the X and y columns to more easily shuffle it later\u001b[39;00m\n",
      "\u001b[1;31mValueError\u001b[0m: all the input arrays must have same number of dimensions, but the array at index 0 has 2 dimension(s) and the array at index 1 has 1 dimension(s)"
     ]
    }
   ],
   "source": [
    "lr_smlh=LinearRegressionSMLH()\n",
    "lr_smlh.gradientDescent(X_train, y_train)"
   ]
  }
 ],
 "metadata": {
  "kernelspec": {
   "display_name": "Python 3",
   "language": "python",
   "name": "python3"
  },
  "language_info": {
   "codemirror_mode": {
    "name": "ipython",
    "version": 3
   },
   "file_extension": ".py",
   "mimetype": "text/x-python",
   "name": "python",
   "nbconvert_exporter": "python",
   "pygments_lexer": "ipython3",
   "version": "3.10.11"
  }
 },
 "nbformat": 4,
 "nbformat_minor": 2
}
